{
 "cells": [
  {
   "cell_type": "code",
   "execution_count": 1,
   "id": "e72e451e",
   "metadata": {},
   "outputs": [],
   "source": [
    "import pandas as pd\n",
    "import numpy as np\n",
    "import seaborn as sns\n",
    "import matplotlib.pyplot as plt"
   ]
  },
  {
   "cell_type": "code",
   "execution_count": 2,
   "id": "a1b5d3b5",
   "metadata": {},
   "outputs": [],
   "source": [
    "from sklearn.model_selection import train_test_split\n",
    "from sklearn.linear_model import LinearRegression\n",
    "from sklearn.metrics import mean_squared_error, mean_absolute_error"
   ]
  },
  {
   "cell_type": "code",
   "execution_count": 5,
   "id": "8c0073c0",
   "metadata": {},
   "outputs": [
    {
     "data": {
      "text/html": [
       "<div>\n",
       "<style scoped>\n",
       "    .dataframe tbody tr th:only-of-type {\n",
       "        vertical-align: middle;\n",
       "    }\n",
       "\n",
       "    .dataframe tbody tr th {\n",
       "        vertical-align: top;\n",
       "    }\n",
       "\n",
       "    .dataframe thead th {\n",
       "        text-align: right;\n",
       "    }\n",
       "</style>\n",
       "<table border=\"1\" class=\"dataframe\">\n",
       "  <thead>\n",
       "    <tr style=\"text-align: right;\">\n",
       "      <th></th>\n",
       "      <th>name</th>\n",
       "      <th>mfr</th>\n",
       "      <th>type</th>\n",
       "      <th>calories</th>\n",
       "      <th>protein</th>\n",
       "      <th>fat</th>\n",
       "      <th>sodium</th>\n",
       "      <th>fiber</th>\n",
       "      <th>carbo</th>\n",
       "      <th>sugars</th>\n",
       "      <th>potass</th>\n",
       "      <th>vitamins</th>\n",
       "      <th>shelf</th>\n",
       "      <th>weight</th>\n",
       "      <th>cups</th>\n",
       "      <th>rating</th>\n",
       "    </tr>\n",
       "  </thead>\n",
       "  <tbody>\n",
       "    <tr>\n",
       "      <th>0</th>\n",
       "      <td>100% Bran</td>\n",
       "      <td>N</td>\n",
       "      <td>C</td>\n",
       "      <td>70</td>\n",
       "      <td>4</td>\n",
       "      <td>1</td>\n",
       "      <td>130</td>\n",
       "      <td>10.0</td>\n",
       "      <td>5.0</td>\n",
       "      <td>6</td>\n",
       "      <td>280</td>\n",
       "      <td>25</td>\n",
       "      <td>3</td>\n",
       "      <td>1.0</td>\n",
       "      <td>0.33</td>\n",
       "      <td>68.402973</td>\n",
       "    </tr>\n",
       "    <tr>\n",
       "      <th>1</th>\n",
       "      <td>100% Natural Bran</td>\n",
       "      <td>Q</td>\n",
       "      <td>C</td>\n",
       "      <td>120</td>\n",
       "      <td>3</td>\n",
       "      <td>5</td>\n",
       "      <td>15</td>\n",
       "      <td>2.0</td>\n",
       "      <td>8.0</td>\n",
       "      <td>8</td>\n",
       "      <td>135</td>\n",
       "      <td>0</td>\n",
       "      <td>3</td>\n",
       "      <td>1.0</td>\n",
       "      <td>1.00</td>\n",
       "      <td>33.983679</td>\n",
       "    </tr>\n",
       "    <tr>\n",
       "      <th>2</th>\n",
       "      <td>All-Bran</td>\n",
       "      <td>K</td>\n",
       "      <td>C</td>\n",
       "      <td>70</td>\n",
       "      <td>4</td>\n",
       "      <td>1</td>\n",
       "      <td>260</td>\n",
       "      <td>9.0</td>\n",
       "      <td>7.0</td>\n",
       "      <td>5</td>\n",
       "      <td>320</td>\n",
       "      <td>25</td>\n",
       "      <td>3</td>\n",
       "      <td>1.0</td>\n",
       "      <td>0.33</td>\n",
       "      <td>59.425505</td>\n",
       "    </tr>\n",
       "    <tr>\n",
       "      <th>3</th>\n",
       "      <td>All-Bran with Extra Fiber</td>\n",
       "      <td>K</td>\n",
       "      <td>C</td>\n",
       "      <td>50</td>\n",
       "      <td>4</td>\n",
       "      <td>0</td>\n",
       "      <td>140</td>\n",
       "      <td>14.0</td>\n",
       "      <td>8.0</td>\n",
       "      <td>0</td>\n",
       "      <td>330</td>\n",
       "      <td>25</td>\n",
       "      <td>3</td>\n",
       "      <td>1.0</td>\n",
       "      <td>0.50</td>\n",
       "      <td>93.704912</td>\n",
       "    </tr>\n",
       "    <tr>\n",
       "      <th>4</th>\n",
       "      <td>Almond Delight</td>\n",
       "      <td>R</td>\n",
       "      <td>C</td>\n",
       "      <td>110</td>\n",
       "      <td>2</td>\n",
       "      <td>2</td>\n",
       "      <td>200</td>\n",
       "      <td>1.0</td>\n",
       "      <td>14.0</td>\n",
       "      <td>8</td>\n",
       "      <td>-1</td>\n",
       "      <td>25</td>\n",
       "      <td>3</td>\n",
       "      <td>1.0</td>\n",
       "      <td>0.75</td>\n",
       "      <td>34.384843</td>\n",
       "    </tr>\n",
       "    <tr>\n",
       "      <th>...</th>\n",
       "      <td>...</td>\n",
       "      <td>...</td>\n",
       "      <td>...</td>\n",
       "      <td>...</td>\n",
       "      <td>...</td>\n",
       "      <td>...</td>\n",
       "      <td>...</td>\n",
       "      <td>...</td>\n",
       "      <td>...</td>\n",
       "      <td>...</td>\n",
       "      <td>...</td>\n",
       "      <td>...</td>\n",
       "      <td>...</td>\n",
       "      <td>...</td>\n",
       "      <td>...</td>\n",
       "      <td>...</td>\n",
       "    </tr>\n",
       "    <tr>\n",
       "      <th>72</th>\n",
       "      <td>Triples</td>\n",
       "      <td>G</td>\n",
       "      <td>C</td>\n",
       "      <td>110</td>\n",
       "      <td>2</td>\n",
       "      <td>1</td>\n",
       "      <td>250</td>\n",
       "      <td>0.0</td>\n",
       "      <td>21.0</td>\n",
       "      <td>3</td>\n",
       "      <td>60</td>\n",
       "      <td>25</td>\n",
       "      <td>3</td>\n",
       "      <td>1.0</td>\n",
       "      <td>0.75</td>\n",
       "      <td>39.106174</td>\n",
       "    </tr>\n",
       "    <tr>\n",
       "      <th>73</th>\n",
       "      <td>Trix</td>\n",
       "      <td>G</td>\n",
       "      <td>C</td>\n",
       "      <td>110</td>\n",
       "      <td>1</td>\n",
       "      <td>1</td>\n",
       "      <td>140</td>\n",
       "      <td>0.0</td>\n",
       "      <td>13.0</td>\n",
       "      <td>12</td>\n",
       "      <td>25</td>\n",
       "      <td>25</td>\n",
       "      <td>2</td>\n",
       "      <td>1.0</td>\n",
       "      <td>1.00</td>\n",
       "      <td>27.753301</td>\n",
       "    </tr>\n",
       "    <tr>\n",
       "      <th>74</th>\n",
       "      <td>Wheat Chex</td>\n",
       "      <td>R</td>\n",
       "      <td>C</td>\n",
       "      <td>100</td>\n",
       "      <td>3</td>\n",
       "      <td>1</td>\n",
       "      <td>230</td>\n",
       "      <td>3.0</td>\n",
       "      <td>17.0</td>\n",
       "      <td>3</td>\n",
       "      <td>115</td>\n",
       "      <td>25</td>\n",
       "      <td>1</td>\n",
       "      <td>1.0</td>\n",
       "      <td>0.67</td>\n",
       "      <td>49.787445</td>\n",
       "    </tr>\n",
       "    <tr>\n",
       "      <th>75</th>\n",
       "      <td>Wheaties</td>\n",
       "      <td>G</td>\n",
       "      <td>C</td>\n",
       "      <td>100</td>\n",
       "      <td>3</td>\n",
       "      <td>1</td>\n",
       "      <td>200</td>\n",
       "      <td>3.0</td>\n",
       "      <td>17.0</td>\n",
       "      <td>3</td>\n",
       "      <td>110</td>\n",
       "      <td>25</td>\n",
       "      <td>1</td>\n",
       "      <td>1.0</td>\n",
       "      <td>1.00</td>\n",
       "      <td>51.592193</td>\n",
       "    </tr>\n",
       "    <tr>\n",
       "      <th>76</th>\n",
       "      <td>Wheaties Honey Gold</td>\n",
       "      <td>G</td>\n",
       "      <td>C</td>\n",
       "      <td>110</td>\n",
       "      <td>2</td>\n",
       "      <td>1</td>\n",
       "      <td>200</td>\n",
       "      <td>1.0</td>\n",
       "      <td>16.0</td>\n",
       "      <td>8</td>\n",
       "      <td>60</td>\n",
       "      <td>25</td>\n",
       "      <td>1</td>\n",
       "      <td>1.0</td>\n",
       "      <td>0.75</td>\n",
       "      <td>36.187559</td>\n",
       "    </tr>\n",
       "  </tbody>\n",
       "</table>\n",
       "<p>77 rows × 16 columns</p>\n",
       "</div>"
      ],
      "text/plain": [
       "                         name mfr type  calories  protein  fat  sodium  fiber  \\\n",
       "0                   100% Bran   N    C        70        4    1     130   10.0   \n",
       "1           100% Natural Bran   Q    C       120        3    5      15    2.0   \n",
       "2                    All-Bran   K    C        70        4    1     260    9.0   \n",
       "3   All-Bran with Extra Fiber   K    C        50        4    0     140   14.0   \n",
       "4              Almond Delight   R    C       110        2    2     200    1.0   \n",
       "..                        ...  ..  ...       ...      ...  ...     ...    ...   \n",
       "72                    Triples   G    C       110        2    1     250    0.0   \n",
       "73                       Trix   G    C       110        1    1     140    0.0   \n",
       "74                 Wheat Chex   R    C       100        3    1     230    3.0   \n",
       "75                   Wheaties   G    C       100        3    1     200    3.0   \n",
       "76        Wheaties Honey Gold   G    C       110        2    1     200    1.0   \n",
       "\n",
       "    carbo  sugars  potass  vitamins  shelf  weight  cups     rating  \n",
       "0     5.0       6     280        25      3     1.0  0.33  68.402973  \n",
       "1     8.0       8     135         0      3     1.0  1.00  33.983679  \n",
       "2     7.0       5     320        25      3     1.0  0.33  59.425505  \n",
       "3     8.0       0     330        25      3     1.0  0.50  93.704912  \n",
       "4    14.0       8      -1        25      3     1.0  0.75  34.384843  \n",
       "..    ...     ...     ...       ...    ...     ...   ...        ...  \n",
       "72   21.0       3      60        25      3     1.0  0.75  39.106174  \n",
       "73   13.0      12      25        25      2     1.0  1.00  27.753301  \n",
       "74   17.0       3     115        25      1     1.0  0.67  49.787445  \n",
       "75   17.0       3     110        25      1     1.0  1.00  51.592193  \n",
       "76   16.0       8      60        25      1     1.0  0.75  36.187559  \n",
       "\n",
       "[77 rows x 16 columns]"
      ]
     },
     "execution_count": 5,
     "metadata": {},
     "output_type": "execute_result"
    }
   ],
   "source": [
    "df = pd.read_csv(r'/Users/arshita/Documents/Machine learning/Case Study 3 Cereal/cereal.csv')\n",
    "df"
   ]
  },
  {
   "cell_type": "code",
   "execution_count": 4,
   "id": "c3473bc1",
   "metadata": {},
   "outputs": [
    {
     "data": {
      "text/html": [
       "<div>\n",
       "<style scoped>\n",
       "    .dataframe tbody tr th:only-of-type {\n",
       "        vertical-align: middle;\n",
       "    }\n",
       "\n",
       "    .dataframe tbody tr th {\n",
       "        vertical-align: top;\n",
       "    }\n",
       "\n",
       "    .dataframe thead th {\n",
       "        text-align: right;\n",
       "    }\n",
       "</style>\n",
       "<table border=\"1\" class=\"dataframe\">\n",
       "  <thead>\n",
       "    <tr style=\"text-align: right;\">\n",
       "      <th></th>\n",
       "      <th>calories</th>\n",
       "      <th>protein</th>\n",
       "      <th>fat</th>\n",
       "      <th>sodium</th>\n",
       "      <th>fiber</th>\n",
       "      <th>carbo</th>\n",
       "      <th>sugars</th>\n",
       "      <th>potass</th>\n",
       "      <th>vitamins</th>\n",
       "      <th>shelf</th>\n",
       "      <th>weight</th>\n",
       "      <th>cups</th>\n",
       "      <th>rating</th>\n",
       "    </tr>\n",
       "  </thead>\n",
       "  <tbody>\n",
       "    <tr>\n",
       "      <th>count</th>\n",
       "      <td>77.000000</td>\n",
       "      <td>77.000000</td>\n",
       "      <td>77.000000</td>\n",
       "      <td>77.000000</td>\n",
       "      <td>77.000000</td>\n",
       "      <td>77.000000</td>\n",
       "      <td>77.000000</td>\n",
       "      <td>77.000000</td>\n",
       "      <td>77.000000</td>\n",
       "      <td>77.000000</td>\n",
       "      <td>77.000000</td>\n",
       "      <td>77.000000</td>\n",
       "      <td>77.000000</td>\n",
       "    </tr>\n",
       "    <tr>\n",
       "      <th>mean</th>\n",
       "      <td>106.883117</td>\n",
       "      <td>2.545455</td>\n",
       "      <td>1.012987</td>\n",
       "      <td>159.675325</td>\n",
       "      <td>2.151948</td>\n",
       "      <td>14.597403</td>\n",
       "      <td>6.922078</td>\n",
       "      <td>96.077922</td>\n",
       "      <td>28.246753</td>\n",
       "      <td>2.207792</td>\n",
       "      <td>1.029610</td>\n",
       "      <td>0.821039</td>\n",
       "      <td>42.665705</td>\n",
       "    </tr>\n",
       "    <tr>\n",
       "      <th>std</th>\n",
       "      <td>19.484119</td>\n",
       "      <td>1.094790</td>\n",
       "      <td>1.006473</td>\n",
       "      <td>83.832295</td>\n",
       "      <td>2.383364</td>\n",
       "      <td>4.278956</td>\n",
       "      <td>4.444885</td>\n",
       "      <td>71.286813</td>\n",
       "      <td>22.342523</td>\n",
       "      <td>0.832524</td>\n",
       "      <td>0.150477</td>\n",
       "      <td>0.232716</td>\n",
       "      <td>14.047289</td>\n",
       "    </tr>\n",
       "    <tr>\n",
       "      <th>min</th>\n",
       "      <td>50.000000</td>\n",
       "      <td>1.000000</td>\n",
       "      <td>0.000000</td>\n",
       "      <td>0.000000</td>\n",
       "      <td>0.000000</td>\n",
       "      <td>-1.000000</td>\n",
       "      <td>-1.000000</td>\n",
       "      <td>-1.000000</td>\n",
       "      <td>0.000000</td>\n",
       "      <td>1.000000</td>\n",
       "      <td>0.500000</td>\n",
       "      <td>0.250000</td>\n",
       "      <td>18.042851</td>\n",
       "    </tr>\n",
       "    <tr>\n",
       "      <th>25%</th>\n",
       "      <td>100.000000</td>\n",
       "      <td>2.000000</td>\n",
       "      <td>0.000000</td>\n",
       "      <td>130.000000</td>\n",
       "      <td>1.000000</td>\n",
       "      <td>12.000000</td>\n",
       "      <td>3.000000</td>\n",
       "      <td>40.000000</td>\n",
       "      <td>25.000000</td>\n",
       "      <td>1.000000</td>\n",
       "      <td>1.000000</td>\n",
       "      <td>0.670000</td>\n",
       "      <td>33.174094</td>\n",
       "    </tr>\n",
       "    <tr>\n",
       "      <th>50%</th>\n",
       "      <td>110.000000</td>\n",
       "      <td>3.000000</td>\n",
       "      <td>1.000000</td>\n",
       "      <td>180.000000</td>\n",
       "      <td>2.000000</td>\n",
       "      <td>14.000000</td>\n",
       "      <td>7.000000</td>\n",
       "      <td>90.000000</td>\n",
       "      <td>25.000000</td>\n",
       "      <td>2.000000</td>\n",
       "      <td>1.000000</td>\n",
       "      <td>0.750000</td>\n",
       "      <td>40.400208</td>\n",
       "    </tr>\n",
       "    <tr>\n",
       "      <th>75%</th>\n",
       "      <td>110.000000</td>\n",
       "      <td>3.000000</td>\n",
       "      <td>2.000000</td>\n",
       "      <td>210.000000</td>\n",
       "      <td>3.000000</td>\n",
       "      <td>17.000000</td>\n",
       "      <td>11.000000</td>\n",
       "      <td>120.000000</td>\n",
       "      <td>25.000000</td>\n",
       "      <td>3.000000</td>\n",
       "      <td>1.000000</td>\n",
       "      <td>1.000000</td>\n",
       "      <td>50.828392</td>\n",
       "    </tr>\n",
       "    <tr>\n",
       "      <th>max</th>\n",
       "      <td>160.000000</td>\n",
       "      <td>6.000000</td>\n",
       "      <td>5.000000</td>\n",
       "      <td>320.000000</td>\n",
       "      <td>14.000000</td>\n",
       "      <td>23.000000</td>\n",
       "      <td>15.000000</td>\n",
       "      <td>330.000000</td>\n",
       "      <td>100.000000</td>\n",
       "      <td>3.000000</td>\n",
       "      <td>1.500000</td>\n",
       "      <td>1.500000</td>\n",
       "      <td>93.704912</td>\n",
       "    </tr>\n",
       "  </tbody>\n",
       "</table>\n",
       "</div>"
      ],
      "text/plain": [
       "         calories    protein        fat      sodium      fiber      carbo  \\\n",
       "count   77.000000  77.000000  77.000000   77.000000  77.000000  77.000000   \n",
       "mean   106.883117   2.545455   1.012987  159.675325   2.151948  14.597403   \n",
       "std     19.484119   1.094790   1.006473   83.832295   2.383364   4.278956   \n",
       "min     50.000000   1.000000   0.000000    0.000000   0.000000  -1.000000   \n",
       "25%    100.000000   2.000000   0.000000  130.000000   1.000000  12.000000   \n",
       "50%    110.000000   3.000000   1.000000  180.000000   2.000000  14.000000   \n",
       "75%    110.000000   3.000000   2.000000  210.000000   3.000000  17.000000   \n",
       "max    160.000000   6.000000   5.000000  320.000000  14.000000  23.000000   \n",
       "\n",
       "          sugars      potass    vitamins      shelf     weight       cups  \\\n",
       "count  77.000000   77.000000   77.000000  77.000000  77.000000  77.000000   \n",
       "mean    6.922078   96.077922   28.246753   2.207792   1.029610   0.821039   \n",
       "std     4.444885   71.286813   22.342523   0.832524   0.150477   0.232716   \n",
       "min    -1.000000   -1.000000    0.000000   1.000000   0.500000   0.250000   \n",
       "25%     3.000000   40.000000   25.000000   1.000000   1.000000   0.670000   \n",
       "50%     7.000000   90.000000   25.000000   2.000000   1.000000   0.750000   \n",
       "75%    11.000000  120.000000   25.000000   3.000000   1.000000   1.000000   \n",
       "max    15.000000  330.000000  100.000000   3.000000   1.500000   1.500000   \n",
       "\n",
       "          rating  \n",
       "count  77.000000  \n",
       "mean   42.665705  \n",
       "std    14.047289  \n",
       "min    18.042851  \n",
       "25%    33.174094  \n",
       "50%    40.400208  \n",
       "75%    50.828392  \n",
       "max    93.704912  "
      ]
     },
     "execution_count": 4,
     "metadata": {},
     "output_type": "execute_result"
    }
   ],
   "source": [
    "df.describe()"
   ]
  },
  {
   "cell_type": "code",
   "execution_count": 5,
   "id": "8076c6f2",
   "metadata": {},
   "outputs": [
    {
     "data": {
      "text/html": [
       "<div>\n",
       "<style scoped>\n",
       "    .dataframe tbody tr th:only-of-type {\n",
       "        vertical-align: middle;\n",
       "    }\n",
       "\n",
       "    .dataframe tbody tr th {\n",
       "        vertical-align: top;\n",
       "    }\n",
       "\n",
       "    .dataframe thead th {\n",
       "        text-align: right;\n",
       "    }\n",
       "</style>\n",
       "<table border=\"1\" class=\"dataframe\">\n",
       "  <thead>\n",
       "    <tr style=\"text-align: right;\">\n",
       "      <th></th>\n",
       "      <th>calories</th>\n",
       "      <th>protein</th>\n",
       "      <th>fat</th>\n",
       "      <th>sodium</th>\n",
       "      <th>fiber</th>\n",
       "      <th>carbo</th>\n",
       "      <th>sugars</th>\n",
       "      <th>potass</th>\n",
       "      <th>vitamins</th>\n",
       "      <th>shelf</th>\n",
       "      <th>weight</th>\n",
       "      <th>cups</th>\n",
       "      <th>rating</th>\n",
       "    </tr>\n",
       "  </thead>\n",
       "  <tbody>\n",
       "    <tr>\n",
       "      <th>calories</th>\n",
       "      <td>1.000000</td>\n",
       "      <td>0.019066</td>\n",
       "      <td>0.498610</td>\n",
       "      <td>0.300649</td>\n",
       "      <td>-0.293413</td>\n",
       "      <td>0.250681</td>\n",
       "      <td>0.562340</td>\n",
       "      <td>-0.066609</td>\n",
       "      <td>0.265356</td>\n",
       "      <td>0.097234</td>\n",
       "      <td>0.696091</td>\n",
       "      <td>0.087200</td>\n",
       "      <td>-0.689376</td>\n",
       "    </tr>\n",
       "    <tr>\n",
       "      <th>protein</th>\n",
       "      <td>0.019066</td>\n",
       "      <td>1.000000</td>\n",
       "      <td>0.208431</td>\n",
       "      <td>-0.054674</td>\n",
       "      <td>0.500330</td>\n",
       "      <td>-0.130864</td>\n",
       "      <td>-0.329142</td>\n",
       "      <td>0.549407</td>\n",
       "      <td>0.007335</td>\n",
       "      <td>0.133865</td>\n",
       "      <td>0.216158</td>\n",
       "      <td>-0.244469</td>\n",
       "      <td>0.470618</td>\n",
       "    </tr>\n",
       "    <tr>\n",
       "      <th>fat</th>\n",
       "      <td>0.498610</td>\n",
       "      <td>0.208431</td>\n",
       "      <td>1.000000</td>\n",
       "      <td>-0.005407</td>\n",
       "      <td>0.016719</td>\n",
       "      <td>-0.318043</td>\n",
       "      <td>0.270819</td>\n",
       "      <td>0.193279</td>\n",
       "      <td>-0.031156</td>\n",
       "      <td>0.263691</td>\n",
       "      <td>0.214625</td>\n",
       "      <td>-0.175892</td>\n",
       "      <td>-0.409284</td>\n",
       "    </tr>\n",
       "    <tr>\n",
       "      <th>sodium</th>\n",
       "      <td>0.300649</td>\n",
       "      <td>-0.054674</td>\n",
       "      <td>-0.005407</td>\n",
       "      <td>1.000000</td>\n",
       "      <td>-0.070675</td>\n",
       "      <td>0.355983</td>\n",
       "      <td>0.101451</td>\n",
       "      <td>-0.032603</td>\n",
       "      <td>0.361477</td>\n",
       "      <td>-0.069719</td>\n",
       "      <td>0.308576</td>\n",
       "      <td>0.119665</td>\n",
       "      <td>-0.401295</td>\n",
       "    </tr>\n",
       "    <tr>\n",
       "      <th>fiber</th>\n",
       "      <td>-0.293413</td>\n",
       "      <td>0.500330</td>\n",
       "      <td>0.016719</td>\n",
       "      <td>-0.070675</td>\n",
       "      <td>1.000000</td>\n",
       "      <td>-0.356083</td>\n",
       "      <td>-0.141205</td>\n",
       "      <td>0.903374</td>\n",
       "      <td>-0.032243</td>\n",
       "      <td>0.297539</td>\n",
       "      <td>0.247226</td>\n",
       "      <td>-0.513061</td>\n",
       "      <td>0.584160</td>\n",
       "    </tr>\n",
       "    <tr>\n",
       "      <th>carbo</th>\n",
       "      <td>0.250681</td>\n",
       "      <td>-0.130864</td>\n",
       "      <td>-0.318043</td>\n",
       "      <td>0.355983</td>\n",
       "      <td>-0.356083</td>\n",
       "      <td>1.000000</td>\n",
       "      <td>-0.331665</td>\n",
       "      <td>-0.349685</td>\n",
       "      <td>0.258148</td>\n",
       "      <td>-0.101790</td>\n",
       "      <td>0.135136</td>\n",
       "      <td>0.363932</td>\n",
       "      <td>0.052055</td>\n",
       "    </tr>\n",
       "    <tr>\n",
       "      <th>sugars</th>\n",
       "      <td>0.562340</td>\n",
       "      <td>-0.329142</td>\n",
       "      <td>0.270819</td>\n",
       "      <td>0.101451</td>\n",
       "      <td>-0.141205</td>\n",
       "      <td>-0.331665</td>\n",
       "      <td>1.000000</td>\n",
       "      <td>0.021696</td>\n",
       "      <td>0.125137</td>\n",
       "      <td>0.100438</td>\n",
       "      <td>0.450648</td>\n",
       "      <td>-0.032358</td>\n",
       "      <td>-0.759675</td>\n",
       "    </tr>\n",
       "    <tr>\n",
       "      <th>potass</th>\n",
       "      <td>-0.066609</td>\n",
       "      <td>0.549407</td>\n",
       "      <td>0.193279</td>\n",
       "      <td>-0.032603</td>\n",
       "      <td>0.903374</td>\n",
       "      <td>-0.349685</td>\n",
       "      <td>0.021696</td>\n",
       "      <td>1.000000</td>\n",
       "      <td>0.020699</td>\n",
       "      <td>0.360663</td>\n",
       "      <td>0.416303</td>\n",
       "      <td>-0.495195</td>\n",
       "      <td>0.380165</td>\n",
       "    </tr>\n",
       "    <tr>\n",
       "      <th>vitamins</th>\n",
       "      <td>0.265356</td>\n",
       "      <td>0.007335</td>\n",
       "      <td>-0.031156</td>\n",
       "      <td>0.361477</td>\n",
       "      <td>-0.032243</td>\n",
       "      <td>0.258148</td>\n",
       "      <td>0.125137</td>\n",
       "      <td>0.020699</td>\n",
       "      <td>1.000000</td>\n",
       "      <td>0.299262</td>\n",
       "      <td>0.320324</td>\n",
       "      <td>0.128405</td>\n",
       "      <td>-0.240544</td>\n",
       "    </tr>\n",
       "    <tr>\n",
       "      <th>shelf</th>\n",
       "      <td>0.097234</td>\n",
       "      <td>0.133865</td>\n",
       "      <td>0.263691</td>\n",
       "      <td>-0.069719</td>\n",
       "      <td>0.297539</td>\n",
       "      <td>-0.101790</td>\n",
       "      <td>0.100438</td>\n",
       "      <td>0.360663</td>\n",
       "      <td>0.299262</td>\n",
       "      <td>1.000000</td>\n",
       "      <td>0.190762</td>\n",
       "      <td>-0.335269</td>\n",
       "      <td>0.025159</td>\n",
       "    </tr>\n",
       "    <tr>\n",
       "      <th>weight</th>\n",
       "      <td>0.696091</td>\n",
       "      <td>0.216158</td>\n",
       "      <td>0.214625</td>\n",
       "      <td>0.308576</td>\n",
       "      <td>0.247226</td>\n",
       "      <td>0.135136</td>\n",
       "      <td>0.450648</td>\n",
       "      <td>0.416303</td>\n",
       "      <td>0.320324</td>\n",
       "      <td>0.190762</td>\n",
       "      <td>1.000000</td>\n",
       "      <td>-0.199583</td>\n",
       "      <td>-0.298124</td>\n",
       "    </tr>\n",
       "    <tr>\n",
       "      <th>cups</th>\n",
       "      <td>0.087200</td>\n",
       "      <td>-0.244469</td>\n",
       "      <td>-0.175892</td>\n",
       "      <td>0.119665</td>\n",
       "      <td>-0.513061</td>\n",
       "      <td>0.363932</td>\n",
       "      <td>-0.032358</td>\n",
       "      <td>-0.495195</td>\n",
       "      <td>0.128405</td>\n",
       "      <td>-0.335269</td>\n",
       "      <td>-0.199583</td>\n",
       "      <td>1.000000</td>\n",
       "      <td>-0.203160</td>\n",
       "    </tr>\n",
       "    <tr>\n",
       "      <th>rating</th>\n",
       "      <td>-0.689376</td>\n",
       "      <td>0.470618</td>\n",
       "      <td>-0.409284</td>\n",
       "      <td>-0.401295</td>\n",
       "      <td>0.584160</td>\n",
       "      <td>0.052055</td>\n",
       "      <td>-0.759675</td>\n",
       "      <td>0.380165</td>\n",
       "      <td>-0.240544</td>\n",
       "      <td>0.025159</td>\n",
       "      <td>-0.298124</td>\n",
       "      <td>-0.203160</td>\n",
       "      <td>1.000000</td>\n",
       "    </tr>\n",
       "  </tbody>\n",
       "</table>\n",
       "</div>"
      ],
      "text/plain": [
       "          calories   protein       fat    sodium     fiber     carbo  \\\n",
       "calories  1.000000  0.019066  0.498610  0.300649 -0.293413  0.250681   \n",
       "protein   0.019066  1.000000  0.208431 -0.054674  0.500330 -0.130864   \n",
       "fat       0.498610  0.208431  1.000000 -0.005407  0.016719 -0.318043   \n",
       "sodium    0.300649 -0.054674 -0.005407  1.000000 -0.070675  0.355983   \n",
       "fiber    -0.293413  0.500330  0.016719 -0.070675  1.000000 -0.356083   \n",
       "carbo     0.250681 -0.130864 -0.318043  0.355983 -0.356083  1.000000   \n",
       "sugars    0.562340 -0.329142  0.270819  0.101451 -0.141205 -0.331665   \n",
       "potass   -0.066609  0.549407  0.193279 -0.032603  0.903374 -0.349685   \n",
       "vitamins  0.265356  0.007335 -0.031156  0.361477 -0.032243  0.258148   \n",
       "shelf     0.097234  0.133865  0.263691 -0.069719  0.297539 -0.101790   \n",
       "weight    0.696091  0.216158  0.214625  0.308576  0.247226  0.135136   \n",
       "cups      0.087200 -0.244469 -0.175892  0.119665 -0.513061  0.363932   \n",
       "rating   -0.689376  0.470618 -0.409284 -0.401295  0.584160  0.052055   \n",
       "\n",
       "            sugars    potass  vitamins     shelf    weight      cups    rating  \n",
       "calories  0.562340 -0.066609  0.265356  0.097234  0.696091  0.087200 -0.689376  \n",
       "protein  -0.329142  0.549407  0.007335  0.133865  0.216158 -0.244469  0.470618  \n",
       "fat       0.270819  0.193279 -0.031156  0.263691  0.214625 -0.175892 -0.409284  \n",
       "sodium    0.101451 -0.032603  0.361477 -0.069719  0.308576  0.119665 -0.401295  \n",
       "fiber    -0.141205  0.903374 -0.032243  0.297539  0.247226 -0.513061  0.584160  \n",
       "carbo    -0.331665 -0.349685  0.258148 -0.101790  0.135136  0.363932  0.052055  \n",
       "sugars    1.000000  0.021696  0.125137  0.100438  0.450648 -0.032358 -0.759675  \n",
       "potass    0.021696  1.000000  0.020699  0.360663  0.416303 -0.495195  0.380165  \n",
       "vitamins  0.125137  0.020699  1.000000  0.299262  0.320324  0.128405 -0.240544  \n",
       "shelf     0.100438  0.360663  0.299262  1.000000  0.190762 -0.335269  0.025159  \n",
       "weight    0.450648  0.416303  0.320324  0.190762  1.000000 -0.199583 -0.298124  \n",
       "cups     -0.032358 -0.495195  0.128405 -0.335269 -0.199583  1.000000 -0.203160  \n",
       "rating   -0.759675  0.380165 -0.240544  0.025159 -0.298124 -0.203160  1.000000  "
      ]
     },
     "execution_count": 5,
     "metadata": {},
     "output_type": "execute_result"
    }
   ],
   "source": [
    "df.corr(numeric_only = True)"
   ]
  },
  {
   "cell_type": "code",
   "execution_count": 6,
   "id": "145252e6",
   "metadata": {},
   "outputs": [
    {
     "data": {
      "text/plain": [
       "<Axes: >"
      ]
     },
     "execution_count": 6,
     "metadata": {},
     "output_type": "execute_result"
    },
    {
     "data": {
